0153 5416940
0178 5866547
0165 9895751
0153 4608048
0157 3307711
0167 9901250
0151 6767479
0178 1200696
0165 6285602
0165 2939084
0164 4872007
0170 8275640
0159 2002383
0160 8144465
0172 7271080
0151 7924462
0176 6255680
0172 7373537
0150 6968852
0176 5264991
0171 9106094
0174 2333058
0172 9758078
0170 4352719
0155 7864298
0164 8815153
0165 6792851
0151 6354877
0160 6283536
0171 1365727
0163 3901503
0152 9343065
0177 9166513
0164 3191770
0154 9694455
0177 2627732
0179 2198170
0161 9817763
0152 1452560
0165 1547362
0175 4234876
0175 4401986
0159 5902294
0157 4165725
0178 8065847
0162 2409656
0177 5486540
0160 7734008
0166 6414798
0161 4941565
0171 8416991
0170 1410552
0153 4228563
0162 1570034
0176 1975930
0173 5711676
0163 3051090
0155 1991821
0159 1277817
0156 1176579
0156 5677087
0160 4983888
0156 7848259
0152 2973426
0156 6108246
0178 4647690
0176 4493080
0165 7458325
0151 4124580
0177 6714199
0177 3307796
0178 8429882
0152 1890271
0165 2903656
0169 6670826
0156 9255609
0153 9193792
0156 9074735
0167 6979677
0162 3423205
0171 1400317
0153 9695567
0150 9000432
0177 9654119
0160 7230935
0178 2029021
0153 7347717
0157 5511900
0167 4176342
0150 3115754
0178 1541956
0178 6033762
0170 8631805
0164 8787503
0172 4979438
0153 7170282
0160 3221198
0155 8367059
0153 4624491
0153 4914588
0170 9059612
0155 3431802
0158 3356179
0170 8036581
0160 7149065
0153 7831526
0179 1656947
0166 5597357
0157 1687086
0173 7839756
0155 9109681
0168 6094624
0153 8811297
0155 5119641
0151 7270621
0151 4002094
0158 7007981
0175 3093062
0158 4148999
0164 3472558
0172 2838215
0168 7132711
0176 8452657
0165 2758652
0162 1381539
0167 9869172
0150 6595295
0155 8991820
0179 2889238
0162 5416068
0162 7868205
0157 2408182
0172 5842592
0161 9793788
0150 3735979
0155 4439630
0178 6762438
0174 3110468
0163 8974326
0164 3032643
0151 5106478
0156 2557348
0167 5494709
0167 5732082
0159 2091862
0154 5790013
0178 3321998
0153 8046919
0151 8836046
0161 2070954
0160 9871180
0156 2933268
0169 5280250
0159 2275243
0169 6400974
0158 2043548
0168 8343700
0176 2078865
0159 7770939
0160 5099064
0171 6633810
0154 2570336
0179 1451301
0168 9951977
0156 3338176
0167 3864941
0156 7341779
0179 9470011
0153 1307118
0166 8102875
0150 3486255
0160 1211123
0174 1851815
0154 1922673
0168 4923355
0172 5528143
0171 9946868
0169 9706351
0177 1229609
0163 1012388
0171 7281320
0168 9588867
0179 7015718
0178 3869078
0166 4126107
0177 8541815
0173 3840089
0162 2666723
0168 3474676
0179 5492612
0150 7408741
0172 5228527
0169 3816253
0151 3146899
0159 9842883
0163 1785490
0177 5694493
0178 8035521
0164 1297605
0166 4015046
0178 9917054
0177 7104100
0165 9769035
0174 9420215
0174 2056729
0172 1224679
0174 9629302
0150 7589634
0158 9697555
0169 2283926
0157 3313658
0177 2168989
0163 3764959
0177 4339809
0168 7052791
0156 7845836
0160 5558870
0173 6740810
0173 2160643
0153 4435510
0152 6620260
0153 1311556
0179 2207094
0153 6871144
0174 8730646
0166 2965686
0177 6335954
0158 4278735
0159 1673801
0179 9882890
0173 5176463
0177 6448511
0151 6265797
0155 1214150
0159 6436687
0154 7972640
0153 2415413
0155 7661876
0166 2970931
0179 2721228
0166 4321881
0150 9868927
0157 5200931
0175 8334584
0177 5933972
0162 5968926
0161 5694977
0156 5588855
0155 4745436
0178 2745152
0166 1930651
0162 1991221
0155 4329701
0169 9086752
0151 6672700
0161 8606895
0168 7745239
0156 8008476
0174 4012685
0176 2355862
0162 8733983
0152 5711359
0179 9076132
0178 4639020
0168 4168728
0154 7977886
0167 5121899
0162 2553538
0160 2756170
0164 7286763
0150 2397322
0157 2699538
0175 2975581
0153 3300284
0159 2593684
0173 4711362
0173 4779723
0178 3228149
0179 3774811
0153 5465390
0150 1352820
0169 6374071
0169 3832673
0175 6582265
0156 1343295
0174 1352706
0173 8393014
0156 5039116
0153 1094905
0178 5986172
0178 9682746
0156 5177636
0179 2473290
0167 6251051
0152 7395582
0175 4598482
0170 4419329
0179 4000324
0151 7620040
0163 9992946
0175 2986392
0169 7825982
0158 1495249
0156 3823427
0169 9345013
0167 8055987
0165 4805368
0177 5363991
0155 7457172
0155 1460590
0162 8354311
0176 3220819
0174 1176150
0176 8574029
0167 6266214
0171 2049016
0153 2795795
0170 5614978
0150 3610215
0159 3820542
0177 5812103
0175 8857880
0163 9614124
0153 3246145
0177 7712561
0155 4082710
0174 5274915
0165 2207385
0153 4797053
0176 8822607
0156 6104844
0169 5874777
0172 4232611
0151 5469593
0158 8823016
0162 1865606
0178 8650682
0177 7363917
0152 7791084
0167 2592048
0177 3040179
0160 7867922
0179 8006895
0179 6701486
0162 8937873
0171 3859694
0167 1810286
0168 2302289
0163 7793663
0151 2329242
0152 5293694
0165 3007388
0156 6409652
0152 6902526
0165 8113810
0167 8287541
0165 6734153
0152 3034065
0162 1702348
0157 9379342
0152 6164333
0178 2305895
0175 4068423
0159 1555866
0153 4480472
0164 1125479
0170 5101544
0164 8217455
0159 3210493
0175 1490527
0158 5912636
0166 1216512
0179 7152477
0150 1059484
0164 2495981
0162 9712642
0161 1322410
0165 2817119
0161 1698272
0151 4624356
0177 8407124
0159 1248009
0176 5262745
0172 6312030
0178 2150080
0164 1395484
0151 9566709
0163 6765146
0154 6022063
0170 9950132
0178 2511817
0174 9910899
0153 2702623
0156 2944582
0171 3320170
0167 7673612
0151 2686031
0173 8372449
0150 1902697
0172 4791991
0175 9138044
0174 5707228
0172 8756576
0156 6813374
0170 9224220
0177 7076810
0161 4429945
0159 3987908
0175 1754552
0168 8156786
0167 6915168
0152 2153904
0158 9145192
0177 9503617
0157 8487037
0160 4858967
0166 7736671
0152 6604827
0172 6941507
0152 2794060
0159 6327590
0164 5613588
0162 9571942
0158 1059166
0168 1277815
0163 3983740
0151 3643277
0162 8935585
0161 7390141
0151 2633265
0169 1992670
0177 6636212
0155 6021698
0155 7583861
0174 4987456
0174 6289433
0177 8160619
0157 9483080
0163 4919454
0169 3322849
0159 1695275
0172 7432627
0164 6844449
0170 3052357
0175 1197566
0179 7157262
0154 1325539
0164 6602887
0168 7737259
0166 9592343
0178 5254424
0165 7150433
0165 8818845
0157 6152985
0162 5489759
0166 6642093
0158 6117255
0150 6399234
0169 8851800
0173 8992968
0151 6382333
0167 2833378
0166 2149531
0161 5201960
0166 8277633
0177 3537028
0160 5808831
0164 1714824
0170 5019843
0160 4493350
0168 1418682
0153 2719273
0158 1317292
0167 7196578
0153 3837432
0158 9209733
0171 2114110
0158 8689812
0170 3571807
0160 1103807
0167 4721944
0160 5271923
0168 6372653
0163 3053439
0155 1083432
0156 4460417
0160 8607777
0164 9657882
0162 2892494
0173 5450685
0150 1475792
0157 9365910
0164 1767284
0178 6052772
0174 3789802
0163 5616308
0160 2246539
0169 6918804
0171 2493028
0155 8657607
0154 6457673
0167 4535494
0152 2560667
0154 1317439
0151 2073477
0178 7752972
0158 9475487
0160 6530131
0166 4441558
0157 6452154
0158 2897556
0172 9178805
0176 4768060
0158 3538602
0165 2982141
0150 8441748
0164 7864761
0150 3659968
0179 6464468
0153 8547915
0170 4636084
0172 7127745
0159 9923593
0156 1400260
0156 9697489
0160 1363838
0156 9687169
0178 2914801
0164 6769992
0154 1344975
0172 6741857
0164 4196166
0166 4401233
0161 7435864
0168 1509779
0169 3132571
0174 3657579
0169 8255295
0175 6891331
0175 9895654
0171 6632922
0157 6111273
0164 1832865
0170 8283756
0176 5580581
0166 6602238
0179 7655086
0176 3242449
0163 4881777
0154 4048243
0174 7348949
0161 8055412
0152 5766223
0152 3181475
0166 6810788
0171 9509640
0174 4338707
0160 8870235
0154 7471064
0154 4516640
0170 3021404
0164 7063586
0165 9605422
0170 5728066
0162 6380160
0155 5835137
0170 2098336
0151 7262076
0153 4701975
0155 2807446
0172 1637773
0165 2362167
0152 4391719
0155 8244808
0174 7014324
0175 1913549
0179 5030983
0171 9636841
0160 8726275
0156 1922332
0175 3113366
0175 3005910
0163 8569794
0162 9686102
0172 3123744
0169 6006718
0150 8751620
0165 8563378
0161 4810704
0171 2469201
0152 2552119
0157 3278023
0172 1189924
0179 9444610
0170 9453832
0150 9759352
0171 7654111
0172 4072464
0159 2094634
0170 8071602
0176 4312074
0156 5645656
0154 7259540
0160 4540140
0155 9449934
0178 9142988
0158 3017705
0154 8939614
0154 9524816
0174 6035182
0177 1860005
0155 7708323
0153 3833190
0152 6258189
0151 6936758
0165 3028316
0155 2517126
0157 2042917
0151 5597296
0172 5912413
0158 7723008
0159 7152638
0168 3315121
0176 8582385
0170 6575501
0161 4653030
0165 6138833
0171 7355919
0170 5650026
0165 4481493
0174 1530192
0164 8848695
0169 6505433
0164 8033678
0165 8038768
0177 4652778
0165 7189995
0176 4238567
0175 2842448
0159 9866128
0169 4375854
0179 4015542
0150 4878873
0157 3857161
0153 8008290
0174 8582209
0160 9764637
0169 4693050
0175 9464625
0177 6622554
0171 7136993
0177 6932489
0176 5397778
0173 7552505
0171 8902363
0163 5812829
0162 9769146
0150 2904231
0165 3972271
0170 3370183
0177 6095786
0169 6466658
0166 8921013
0153 1864777
0168 2986917
0156 8023715
0157 8367366
0165 4655391
0172 2214477
0172 3570164
0164 3357375
0167 2740234
0157 2938284
0155 6083359
0175 6849298
0169 6978391
0152 5904097
0166 8907220
0170 8329019
0154 8918096
0178 2525889
0170 1107264
0168 5939049
0173 7611646
0150 1563256
0166 6397447
0171 2033573
0160 5282298
0159 7193969
0150 7550260
0170 9233207
0165 9623001
0174 1302565
0175 2508603
0178 4452971
0151 9302871
0150 6413208
0174 6997292
0172 7578808
0171 4289727
0150 3330787
0174 4614362
0165 2133409
0175 1552666
0164 1000465
0157 8752592
0173 4886872
0156 2424257
0179 4138652
0175 7842272
0172 4184238
0157 2928909
0160 3422849
0166 9249079
0158 7312812
0158 1973803
0178 8186379
0151 7098686
0159 9024197
0155 7354977
0178 3536552
0163 7180895
0158 8146225
0157 7213208
0172 9730772
0160 7866980
0165 1775084
0177 8318576
0170 8335388
0156 8086357
0174 4920503
0150 9821864
0151 4784646
0160 2511949
0159 5708805
0177 4116573
0151 3228766
0164 7380700
0172 2133252
0170 5865768
0155 4617848
0166 6984750
0164 7438572
0155 6179763
0166 7753008
0178 1023260
0150 7656627
0179 9432406
0161 4325367
0163 7779019
0164 2225851
0155 9696663
0166 2676497
0157 3053632
0162 2573579
0171 8247246
0158 8009283
0154 7903786
0157 7374777
0155 5184697
0165 5846393
0179 3283195
0178 3397327
0165 2973834
0178 7926912
0158 4558859
0159 4615444
0160 7701876
0179 4635218
0158 1298061
0155 3990356
0155 8719424
0161 1275472
0171 4994627
0178 5187909
0152 8975725
0165 5325082
0166 3073261
0150 2986718
0167 7815664
0175 5779954
0176 6479769
0160 7376152
0163 5261918
0156 9433298
0171 3315262
0155 4839944
0155 5783319
0154 4351527
0154 5657449
0177 6837462
0153 3607544
0152 8053184
0156 7316459
0174 8699957
0155 6844236
0167 5515964
0173 3990599
0159 9394854
0161 1220569
0179 5381588
0162 9681990
0155 6114234
0151 3448592
0165 5441993
0179 6402211
0158 6711227
0174 3037115
0152 8177569
0178 1558084
0176 4122151
0152 3389701
0164 5757000
0156 2093195
0157 8090557
0170 2189374
0153 2721866
0170 7545755
0173 9397660
0173 7482980
0166 1655097
0169 1077903
0173 2840741
0157 7750415
0159 4472696
0157 6030956
0169 3084798
0152 5964568
0161 3322759
0170 6108875
0159 4809112
0173 9487676
0177 6371072
0176 7269040
0172 3560645
0171 1983524
0171 4949680
0157 9650024
0160 6444029
0150 1123643
0164 2071338
0152 2451257
0168 9411259
0166 1112015
0158 1419609
0169 6416140
0170 1619449
0155 7047982
0166 7764591
0170 9629287
0171 2660029
0167 1336558
0163 1670417
0168 8998728
0158 7457907
0174 5529367
0155 2099855
0176 8756024
0151 3462510
0172 2274623
0153 1227177
0158 4726053
0159 6564952
0176 8806701
0156 1211008
0163 2933063
0172 7300683
0175 1155138
0162 8781819
0156 8454364
0153 1078470
0159 2213711
0172 4585360
0178 5708939
0152 7933507
0176 6862417
0157 2803209
0153 3224757
0174 5704741
0168 3417285
0173 4064728
0165 2573991
0172 7408552
0170 2338780
0173 1146000
0164 8957108
0174 7702366
0166 5179572
0176 4937646
0179 6360954
0173 2693363
0154 2521132
0159 8245221
0168 7923414
0178 6830796
0164 3837793
0160 3809594
0161 9567834
0179 3291558
0178 5694835
0165 1240163
0158 6272858
0168 6148622
0165 1361894
0176 4873146
0178 3074835
0157 4697589
0175 3239978
0174 1279367
0153 1352702
0167 6691699
0175 3349125
0175 4342310
0174 9432416
0164 1856227
0166 1615882
0172 1662357
0160 7307225
0164 2208915
0162 6292081
0150 4470003
0164 5312353
0174 8335146
0160 9416768
0176 5721716
0155 4110957
0159 9444857
0175 4080497
0150 3993305
0174 3080495
0171 1050198
0152 4525030
0156 5422685
0150 8257575
0159 3564205
0165 8780562
0176 2275482
0154 1063064
0173 9384009
0150 6187318
0175 6898189
0161 2737986
0150 6104780
0173 8970817
0177 9213018
0175 6564427
0175 2086808
0167 2825820
0177 6448336
0154 2302548
0174 7899777
0164 1137627
0156 8044617
0160 2126342
0177 8775015
0179 3723981
0157 6413869
0162 6204097
0159 7597402
0160 2013783
0179 6050075
0154 1855911
0150 1966282
0177 4017626
0150 6888899
0171 2534357
0155 8208135
0162 1006373
0159 4100277
0163 1966154
0157 6013882
0167 6854198
0169 7635024
0179 1976841
0174 4432959
0172 4733040
0163 1754846
0163 2055651
0157 2514895
0150 1707109
0158 2691100
0165 9439316
0168 7304019
0150 5995753
0172 3706964
0157 9934431
0154 3186711
0171 9371302
0166 9787830
0155 2066775
0169 9993328
0172 5484838
0165 4124936
0169 9145202
0155 5692965
0152 7181356
0160 2055347
0179 5665941
0172 9814223
0168 2720925
04191 48889117
07725 20540102
02685 66550247
03923 56522619
04192 68295789
07389 74266475
09394 56881007
04871 880594
06639 26328860
04543 44722999
07747 9452384
06237 89662209
09221 94792029
04836 74880078
04356 77544380
08621 56491179
06783 36669227
05725 38425709
06825 40402510
02771 25630670
04872 38711634
02681 53386834
07251 96300869
04826 12176626
04184 15232972
030 82936524
09522 95189646
09371 25521757
03464 69372868
09639 73862790
04108 48568667
05149 26414375
06550 73433221
09932 65399254
09563 76297495
06655 22911379
07322 71200144
07203 61155275
07153 28015627
0821 26725084
02241 50451746
03647 28069060
09771 65208079
02662 66097051
07262 35790450
04283 87148959
07031 54091070
06564 67029186
08638 87149076
06563 6319526
05358 82869919
05532 77488784
07653 11029860
09704 10921157
07573 57622584
04975 12169890
05271 50912067
06701 44603062
03542 66023096
07081 66616696
02604 9887280
0271 13987790
02871 63135247
07634 14693558
0451 96157133
05571 66514245
04624 38019064
0281 53564037
06371 61979978
030 15027859
07478 511480
04547 28380688
07466 38192874
03679 37171991
06032 25907541
09568 13517034
06763 38533044
0212 28693156
030 69297096
07045 16517140
06392 65541320
03765 32801486
02651 92378462
06725 90105881
07463 7301717
0911 30659363
07436 86306375
08382 48114000
04336 6505600
0202 7367369
06751 65846467
06441 5014832
03866 50891629
03391 86983932
09562 82628141
03647 63476717
09548 17642622
05364 48430934
07232 28544294
04643 88026341
030 75667336
02371 94167977
0361 25112595
06345 91364096
04251 50509602
03838 52968930
03902 2672302
09287 41022384
02644 67524727
06563 50136000
0391 16536023
04755 87481627
04131 46371784
03965 3020940
05102 11802856
06461 73020522
06253 64585106
05942 35057808
06723 70272415
08122 44755339
030 44488996
08266 69799874
06301 82587098
06438 1114916
09522 40336485
02663 1106666
09568 4878800
07907 72693759
09735 94171727
06544 22961446
03496 82731810
03869 54919091
03901 57824121
05261 24892157
08222 63271596
04264 91336912
02684 51874616
09424 35293077
0831 87230424
08847 20953641
04142 2007651
04356 77398824
02608 16280846
07660 68467846
07327 91788528
06501 61258900
06563 22433682
05732 84754008
04121 92065505
08257 86460919
06571 65975577
06564 68969538
04302 64958331
04363 52909131
07904 70383723
0541 65937938
04131 96394262
0941 7370722
04282 27369030
06471 15505797
05364 55067463
0221 39987651
08194 15683819
06233 35417350
07274 22683391
06071 85556518
02685 97952449
05407 64861032
03462 61548071
06131 51959915
04155 40196726
07963 77643378
02041 68740312
03343 18047025
05223 68502939
0261 45529255
0421 57434554
09173 42882010
03949 38258061
02681 56691909
04191 57666132
05251 28948472
08679 97552764
09131 64897437
07582 54479182
07732 84877322
06581 70097342
07821 51724612
05485 61509021
09102 81974961
02555 40238144
05223 62678758
02403 22812705
09431 50301376
02462 6568529
06323 3159477
03963 87359718
04421 31250266
07660 71356996
09195 92388549
09645 61421712
03960 42188956
06432 67753153
0234 81814098
04140 80691633
06432 55177173
02661 95464557
0511 35837291
0203 2821884
02685 29526188
04344 55372583
07702 47211193
05251 49712582
04883 75954602
07466 34619287
03844 97946442
0202 25505593
04192 21680590
06205 56283150
07721 4730675
05252 51280606
04382 22804003
0351 55405734
07263 19782641
04547 67704084
08221 6056689
06103 86773335
06233 23048505
04844 74616534
06838 77857913
08152 57766573
08387 16349530
03464 95144099
03661 55335297
07042 90883000
02626 92610245
09147 9816957
09871 61033926
05532 5860081
07274 66538071
09602 20514493
02684 54007077
07525 46650734
02691 91378985
030 93122426
06356 68416917
06550 39921972
07141 62263638
03973 5687562
08681 61804522
06381 77023727
0671 56350307
04122 23154269
040 77779323
07744 85197245
0202 55680751
04950 16326082
030 3365936
06589 28534377
06357 76310945
09073 13574344
05131 27796905
08102 50721271
06562 75168370
03907 54106499
02661 68052255
04141 47939640
03981 20275438
05674 19418627
09081 71891545
03963 10651326
0345 38806719
09372 15836073
04863 49769748
08742 41969151
05775 54479049
03473 28837936
03923 65688037
02741 91773522
03475 58106354
09723 25882073
07393 24571896
03883 30993181
06351 36507295
04337 63281618
02368 78510396
08234 53258648
06785 35826746
06323 22469555
02191 15507321
05805 85317814
0711 20095335
09842 69503822
030 9600509
0821 97091909
06207 94463014
06732 14116798
02604 9270845
02305 58782427
09207 79378101
02232 83836726
06334 85385692
07675 79278776
089 61715206
0531 29001357
03647 43761224
04938 41610701
06502 1553034
03586 86210223
05703 92496714
0711 72682378
06571 54105401
09177 17559475
06731 46013085
04383 90420009
0231 72445854
08331 69668211
06732 36889782
06772 81645346
03471 61687040
030 8041308
09181 14672386
06592 62169051
06150 47844827
07459 88858029
07143 88047506
02661 66640756
02984 21305807
06236 87062568
03834 94525302
09438 33249411
030 48745575
09081 64186115
03663 71907630
08232 20542477
07055 44421554
07774 14557712
03647 61200237
0234 39669484
09076 70744936
06503 13424488
030 18266502
07393 56882884
08282 62638700
0471 31466392
03929 91699009
06782 71442293
04651 7099309
06721 22732259
07645 28124202
06381 40685754
02663 77796632
03931 34618291
03675 31442799
08145 51456555
06634 20619690
06704 84787484
06155 37182942
08133 89690241
07940 76932258
02691 34087110
05305 58233649
03475 26269603
09846 35604847
06398 87174057
06772 24911267
08803 19405296
06771 59767084
06761 82055130
02151 7119669
0611 97309460
02663 14707883
06271 51181950
02742 31188997
06542 26280090
09422 47616685
05337 6199379
02626 45032008
07906 62739135
09762 81220921
04883 89620457
04841 51020935
03901 55888616
06362 76735038
0209 25063338
09346 98348791
08202 17363457
07324 23020005
07621 38710237
05906 63743331
03991 84590324
04324 94511267
06131 42045163
09561 93737229
04323 76124642
02175 74142962
06441 48440055
02604 61557126
04282 15040475
04821 46386332
09771 52023764
04544 40510
06707 97165509
09929 17590104
04335 52575598
02153 67410690
02672 48737053
02371 89274628
05031 68534059
06504 91039065
06558 94083652
09131 99264181
09975 53370482
040 23647507
07436 85807319
02302 94790508
03834 20695319
09772 83969401
06332 6265835
02222 71081885
06762 95696110
04871 62629840
0335 78843244
08076 54327905
07176 85517348
030 8441659
06233 26601278
04364 18158644
07326 474245
04139 76431886
04475 18774182
06551 39789750
09776 97461018
06543 8793711
04843 48242994
09962 34872211
02307 80345074
09562 60584830
02691 96680170
09072 5291830
09665 40038578
04823 57502082
02653 25474151
02602 50198190
089 59414463
0431 99362517
03379 82830653
08801 44366097
06022 70180549
06224 94474371
06542 8947755
06764 19925564
02424 95020208
02657 69361582
04975 43754232
04346 48662850
04321 90008786
06249 54326741
08753 91127006
04182 6936817
07422 20797933
04624 50689459
0731 99662552
03686 4953076
04631 42956973
0681 18772378
09868 11330304
0911 98390038
03869 79589885
02366 63165499
07224 34955832
05822 561736
06432 122264
04673 69931684
04534 65561606
04733 41241005
03337 19135999
0671 97276892
04623 82496338
05962 90750203
05345 918983
04153 36936206
06763 73904377
05528 76890402
02323 16450912
04963 50724509
0355 48965106
06034 17389845
03585 45324201
05725 93648313
06772 79922642
030 73125645
03533 87864530
069 91548316
06359 34972710
09776 67569997
04342 91681704
04635 89108060
04264 25601729
04642 41188743
06763 44481824
09205 32245626
04892 51196188
06249 64978656
06641 79310184
09191 50735060
05945 68145563
09148 44440978
06332 20290823
04843 82332968
02631 2249579
07357 81696346
04929 17106639
08093 62242461
06474 49638131
06731 21465157
08555 49275010
04192 96229972
09364 8132334
09481 1568991
02365 65718351
06544 92627085
03433 56046813
03686 57969022
06841 38152573
08631 4190028
08679 60207870
02653 60336413
06361 17513251
08424 59564920
07351 44520019
08061 82524533
06631 9162226
04142 39957673
06592 88113630
09372 20105578
08273 84125566
02644 50263059
0391 62921520
09131 43196283
04641 26034163
08167 73917484
02742 1945094
06073 98364609
06708 23695923
03843 22014058
04173 6214613
02862 161377
02663 1216954
03902 87056947
02655 81299683
09170 16701183
08232 25696506
07351 82173096
05909 67197629
02202 81899746
05693 67742408
06542 61900189
04127 62189106
02654 89888207
04802 56454776
07943 93812412
07643 10606374
08731 90221248
06563 38353927
06782 38266316
06731 63788330
02626 835837
04642 8647541
02682 7485513
06374 13557322
09464 47258137
07762 86329985
08076 25009842
030 75942353
03937 22540150
06731 93295553
05323 70380948
05271 7672453
05824 39800345
04663 62009861
06326 51149711
08423 18820615
09172 40373398
02685 90050338
07703 13765338
06374 33243545
06136 46045284
05327 42496747
06375 54547585
04327 59442586
05721 4018771
089 13015020
04283 72289685
04154 9793478
09105 78741296
07366 46320610
03475 71438656
09737 10944779
03866 68911394
08463 88204121
07335 13789663
06182 78261289
05553 47611696
07352 5025235
06501 41538142
069 56457269
02590 13479893
09192 22790047
0821 98722419
08335 70922819
03601 46688544
02747 40715757
06348 49780535
06637 38279834
08670 21576296
07381 57164634
0821 68171610
05676 39068030
08868 92489084
09462 18199355
06236 58472868
05528 20200516
0761 44779663
06341 60979179
0241 99035314
09070 74493353
02667 67267854
04623 99950452
08744 42935911
09429 58135997
03923 39686880
06561 25359197
04544 66874734
04827 43174612
07041 97556237
06374 23726916
05602 92343561
07721 66573717
02651 623166
0681 31787757
0711 55645792
08238 67162279
0345 88423773
05304 27123185
07391 79690965
07570 69967987
05946 6166366
06062 41813326
03421 23638618
06346 69989033
03332 64429664
02663 71383700
06531 83266064
07022 19130702
06763 16457666
02771 50832545
05376 93128671
06771 76298728
030 28257158
06323 69820353
07732 90411290
05208 97471396
02694 7505491
04221 17665542
0203 64445728
0931 548258
05282 39232269
05024 35237076
07741 26790735
0481 2861047
05462 50178102
06332 61539598
07231 83884412
04975 56344159
03622 20498832
03681 76501989
06332 43352599
03973 75761078
08241 26484350
0371 6715458
06628 6191085
07275 97974594
0234 38184172
03647 8265697
08454 87247293
06783 15137981
03867 74379897
03379 13080423
04672 26014950
02206 31588770
02662 12865902
0385 10686402
06581 33645581
06301 25945120
06221 36042771
03960 39791888
08233 28348229
07660 10329941
09371 18786893
03601 53000886
04632 39369524
07625 20427929
07304 55341391
06074 84381587
04126 11769987
06551 10136015
07345 2291598
04823 78649461
03968 75474676
04536 37996945
05605 92697663
0371 46964404
05184 54051969
07071 68098285
08124 48761892
030 24358218
0271 39078077
05406 27247241
02692 62181935
03965 86671009
05303 34826678
04127 14241770
05904 81352138
06572 12977803
0721 29926095
069 44433385
02692 13508854
04892 26833247
05165 58505346
09773 67505014
02681 53763070
09764 41989515
09152 53113220
07331 19853175
03868 631804
02691 60283443
04747 52547901
05250 54773903
06643 3620600
06782 54552367
0521 48364381
08146 84692874
07442 97322763
04684 64861866
08141 14703186
0209 26368023
02623 6538874
030 7425559
04642 71918155
0208 44118798
08333 81682231
03629 57746556
07473 19078777
0931 6966481
05352 29465385
07721 18201645
09378 79215501
06381 2698815
06352 97810701
07044 10644703
06304 56730499
05532 9621553
06785 61203968
06171 41203660
04893 43158660
04952 36306529
08555 3017627
04346 99965692
07385 56706013
09007 5759321
0921 72279662
07340 62837925
0391 51339529
02743 40298805
04824 69442458
06295 18729826
07832 88392652
07322 6656790
09644 5462927
09536 77055725
04394 32931727
07176 53174851
03863 73080400
09407 61937097
09348 83705849
0261 66288703
07176 50330636
04161 1153010
05248 34041512
03581 90535588
08584 33520385
04355 54384779
04821 60086812
03377 33338185
0351 66007979
07145 24955369
06502 52133140
03721 21986414
05826 24079237
03337 37306303
06564 85920443
07364 20857875
08532 23857841
040 44318905
0931 77415902
02662 37855457
0671 74442497
04624 75015175
04284 58190865
03981 99678690
0541 9738715
0228 11305059
05721 86995379
0911 77948125
0941 45756346
07135 98895464
07044 87733193
05192 2901468
05376 76909921
069 83721900
05464 13676991
0911 58732646
0871 74887178
09083 61721818
07586 95926069
06432 74264710
06257 19891303
02661 75387846
04704 95306758
09365 41908428
02601 31070026
09392 95988545
04154 15127659
05904 14159013
0351 62299595
02633 17960316
030 51115560
02651 14078633
06034 41999335
09194 76915233
04340 73759560
07031 63012873
04337 50862943
04407 75188385
05334 51549561
07534 50523885
0361 16815001
03433 92055926
03863 14014665
04531 45831975
0281 5761437
02623 44206246
03621 20734689
03563 39163954
02602 96963437
06087 32674595
03321 38189501
09544 6481050
030 2478983
08551 3673040
03874 53697422
05244 23731326
05332 20451207
069 655753
02424 17671892
04835 16756946
06761 36325925
03907 41303091
07348 35562186
05564 97151813
0209 94839606
06563 94392295
0511 53802972
09642 76650985
02747 21381832
06821 49331027
09428 60210882
040 54222881
07143 75521576
07943 161286
0871 84109466
069 93801963
02845 21444559
07082 79753002
09861 8446948
02663 3542642
08076 90657232
05232 66288449
03725 94169782
04124 88973695
0351 17649
06773 41658928
03841 79296416
06339 44830037
07335 23045830
03991 95127710
0228 35442566
06595 56563836
04342 89228706
04662 79954881
04827 5822824
06564 45897393
05181 51059870
07424 17908185
07308 78524019
06762 16281554
07348 65075817
09856 65498881
07354 6585999
06158 92315858
06002 86768479
02607 83795348
06724 79371711
06743 95349766
03378 14456948
09203 39575065
09868 80490945
04153 23014667
08233 6472436
02602 34359718
02681 61212913
02604 74378715
09901 71642191
0281 54085336
06392 70336068
0203 6909755
06373 32312793
06551 22369206
09090 39189172
06251 95650223
05327 42700462
09938 75069330
06558 42055336
05724 42043031
030 16585121
04921 34348752
0202 29770644
06761 77422517
06361 41300247
04777 42198567
06302 56422933
02739 94199131
06534 12072324
05532 98630095
06371 13738524
07721 50360682
02663 4077558
05069 17906710
030 68356079
09093 55447686
04625 15994642
02741 33957777
06762 81310402
08102 2158901
04323 20893406
03686 43081616
02662 3142258
07051 59010302
06627 48400158
02428 60973206
06385 84494211
07141 36011071
09383 9849753
07321 81882589
02838 49928749
05693 72855025
05446 77270895
04642 25173609
03886 4421218
09262 81579533
069 90886137
04851 16160442
08024 36585692
06128 37480970
06381 20858144
09161 25781197
05773 61924449
09621 87929605
08144 22906884
04871 97102392
09394 18021427
09081 191711
05542 70767185
0201 59432905
05605 33661175
09943 46441413
04621 69248760
04137 32614465
02672 10522712
06527 91593880
07152 40482182
07941 50099992
06731 31098337
04264 4968953
06341 84069339
0931 58141061
09655 66220442
06135 46930575
09090 9827365 
